1.60
1.66
3.06
2.96
4.00
3.62
3.99
3.57
3.14
2.66
3.08
4.35
3.72
4.49
3.87
3.35
3.42
3.00
4.19
4.79
4.06
3.49
3.28
5.24
4.35
4.93
4.34
4.53
3.93
3.46
3.91
4.77
4.46
4.28
4.09
3.57
3.10
3.46
3.02
2.92
2.60
2.59
2.32
2.02
3.77
3.54
3.19
2.90
2.62
2.27
2.08
2.99
2.63
2.83
2.54
2.50
2.25
1.94
2.06
3.43
3.64
3.19
4.90
4.28
4.11
4.03
3.53
2.97
2.63
2.20
2.07
4.39
4.06
3.68
3.70
3.16
2.84
2.49
2.24
2.44
2.88
2.51
2.99
4.90
4.49
3.86
3.03
2.58
2.86
2.50
2.16
1.79
1.59
3.19
2.70
2.35
2.03
3.64
3.23
2.98
